30
120
000000000000000000000000000000000000000000000000000000000000000000000000000000000000000000000000000000000000000000000000
001000100100000000000000000000000010001001000000000000000000000000000000000000000000000000000000000000000000000000000000
000000000000000000000000000000000000000000000000000000001000000000000000000000000000000000000000000000000000000000000000
000000000000000000000000000000000000000000000000000000000000000000000000000000000000000000000000000000000000000000000000
000000000000000000000000000000000000000000000000000000000100000000000000000000000000000000000000000000000000000000000000
101010101001001010100000000000001010101010010010000000000000000000000000000000000000000000000000000000000000000000000000
000000000000010001000000000000000000000000000100000000000000000000000000000000000000000000000000000000000000000000000000
000000000000000000010010000000000000000000000000101000101000000000000000000000000000000000000000000000000000000000000000
000000000000000000000100000000000000000000000000000001000000000000000000000000000000000000000000000000000000000000000000
101010101001001010100001000000001010101010010010000000000100000000000000000000000000000000000000000000000000000000000000
000000000000010001010010000000000000000000000100000000001000000000000000000000000000000000000000000000000000000000000000
000000000000000000000100000000000000000000000000000000000000000000000000000000000000000000000000000000000000000000000000
100010001001001010100000000010001000100010010010101000100100000000000000000000000000000000000000000000000000000000000000
000000000000000001000001000000000000000000000000000001000000000000000000000000000000000000000000000000000000000000000000
000000000000000000010010100000000000000000000000000000000000000000000000000000000000000000000000000000000000000000000000
000000000000000000000100000000000000000000000000000000100000000000000000000000000000000000000000000000000000000000000000
000000000000000000000001000000000000000000000000000001000000000000000000000000000000000000000000000000000000000000000000
000010000000100000000000100010000000001000000010001000000000000000000000000000000000000000000000000000000000000000000000
000000000000000000000000000000000000100000001000000000000000000000000000000000000000000000000000000000000000000000000000
000000000000000000000000000000000000000000000000100010001000000000000000000000000000000000000000000000000000000000000000
000000000000000000000000000000000000000000000000000000000000000000000000000000000000000000000000000000000000000000000000
000000000000000000000000100010000000000000000000000000000000000000000000000000000000000000000000000000000000000000000000
000000000000000000000000000000000000000000000000000000000000000000000000000000000000000000000000000000000000000000000000
100000001000000010000000000000001000000010000000000000000000000000000000000000000000000000000000000000000000000000000000
000000000000000000001000000000000000000000000000000000000010000000000000000000000000000000000000000000000000000000000000
000000000000000000000000000000000000000000000000000000000000000000000000000000000000000000000000000000000000000000000000
000000000000000000000000000000000000000000000000000000000000000000000000000000000000000000000000000000000000000000000000
000000000000000000000000000000000000000000000000000000000000000000000000000000000000000000000000000000000000000000000000
000000000000000000000000000000000000000000000000000000000000000000000000000000000000000000000000000000000000000000000000
000000000000000000000000000000000000000000000000000000000000000000000000000000000000000000000000000000000000000000000000